1 3 4 5 7 8 9 11 13 14 16 17 19 20 22 25 
1 2 7 8 9 11 12 13 14 16 17 19 20 22 23 24 25 
1 2 6 7 8 9 11 12 13 14 15 17 19 20 22 23 
1 2 7 8 9 11 12 13 14 15 17 19 20 22 23 
1 2 7 8 9 11 12 13 14 15 17 19 20 22 23 
1 2 7 8 9 11 12 13 14 15 17 19 20 22 23 
1 2 7 8 9 11 12 13 14 15 17 19 20 22 23 
1 2 7 8 9 11 12 13 14 15 17 19 20 22 23 
1 2 7 8 9 11 12 13 14 15 17 19 20 22 23 
1 2 7 8 9 11 12 13 14 15 17 19 20 22 23 
1 2 7 8 9 11 12 13 14 15 17 19 20 22 23 
1 2 7 8 9 11 12 13 14 15 17 19 20 22 23 
1 2 7 8 9 11 12 13 14 15 17 19 20 22 23 
1 2 7 8 9 11 12 13 14 15 17 19 20 22 23 
1 2 7 8 9 11 12 13 14 15 17 19 20 22 23 
1 2 7 8 9 11 12 13 14 15 17 19 20 22 23 
1 2 7 8 9 11 12 13 14 15 17 19 20 22 23 
1 2 7 8 9 11 12 13 14 15 17 19 20 22 23 
1 2 7 8 9 11 12 13 14 15 17 19 20 22 23 
1 2 7 8 9 11 12 13 14 15 17 19 20 22 23 
1 2 7 8 9 11 12 13 14 15 17 19 20 22 23 
1 5 6 7 9 10 11 12 14 15 17 20 22 23 24 
1 7 8 9 11 12 13 14 15 17 19 20 22 23 25 
1 2 7 8 9 11 12 13 14 15 17 19 20 22 23 
1 2 7 8 9 11 12 13 14 15 17 19 20 22 23 
1 2 7 8 9 11 12 13 14 15 17 19 20 22 23 
1 2 7 8 9 11 12 13 14 15 17 19 20 22 23 
1 2 7 8 9 11 12 13 14 15 17 19 20 22 23 
1 2 7 8 9 11 12 13 14 15 17 19 20 22 23 
1 2 7 8 9 11 12 13 14 15 17 19 20 22 23 
